id	itemSpecies	equipId	bind	battleUse	gemPosition	quality	needLevel	prof	repeats	maxHave	broadcast	batch	dailyLimit	lifeLimit	packageId	qualityType1	qualityNum1	qualityType2	qualityNum2	buffid	cd	groupcd	destroy	sell	price	test
INT	INT	INT	INT	INT	STRING	INT	INT	INT	INT	INT	INT	INT	INT	INT	INT	INT	INT	INT	INT	INT	INT	INT	INT	INT	INT	int
物品ID	物品类型	装备id	使用后绑定类型	是否战斗中可用	宝石镶嵌部位	品质(不含装备）	使用等级	职业限制	最大叠加	最大拥用	特殊道具公告	可否批量使用	每日使用限次	一生总限次	礼包id	属性1（装备除外）	属性值1	属性2（同上）	属性值2	buff组id	CD时间	CD组	是否丢弃	是否出售	售价
1	1	1	1	2	1;2;3;4;5	1	1	0	1	-1	1	1	1	-1	1	1	1	1	1	1	1	1	1	1	1	1949494454645464
2	1	2	1	2	1;2;3;4;5	1	1	0	1	-1	1	1	1	-1	1	1	1	1	1	1	1	1	1	1	1	1949494454645464
3	1	3	1	2	1;2;3;4;5	1	1	0	1	-1	1	1	1	-1	1	1	1	1	1	1	1	1	1	1	1	1949494454645464
4	1	4	1	2	1;2;3;4;5	1	1	0	1	-1	1	1	1	-1	1	1	1	1	1	1	1	1	1	1	1	1949494454645464
5	1	5	1	2	1;2;3;4;5	1	1	0	1	-1	1	1	1	-1	1	1	1	1	1	1	1	1	1	1	1	1949494454645464
6	1	6	1	2	1;2;3;4;5	1	1	0	1	-1	1	1	1	-1	1	1	1	1	1	1	1	1	1	1	1	1949494454645464
7	1	7	1	2	1;2;3;4;5	1	1	0	1	-1	1	1	1	-1	1	1	1	1	1	1	1	1	1	1	1
8	1	8	1	2	1;2;3;4;5	1	1	0	1	-1	1	1	1	-1	1	1	1	1	1	1	1	1	1	1	1
9	1	9	1	2	1;2;3;4;5	1	1	0	1	-1	1	1	1	-1	1	1	1	1	1	1	1	1	1	1	1
10	1	10	1	2	1;2;3;4;5	1	1	0	1	-1	1	1	1	-1	1	1	1	1	1	1	1	1	1	1	1
11	1	11	1	2	1;2;3;4;5	1	1	0	1	-1	1	1	1	-1	1	1	1	1	1	1	1	1	1	1	1
12	1	12	1	2	1;2;3;4;5	1	1	0	1	-1	1	1	1	-1	1	1	1	1	1	1	1	1	1	1	1
13	1	13	1	2	1;2;3;4;5	1	1	0	1	-1	1	1	1	-1	1	1	1	1	1	1	1	1	1	1	1
14	1	14	1	2	1;2;3;4;5	1	1	0	1	-1	1	1	1	-1	1	1	1	1	1	1	1	1	1	1	1
15	1	15	1	2	1;2;3;4;5	1	1	0	1	-1	1	1	1	-1	1	1	1	1	1	1	1	1	1	1	1
16	1	16	1	2	1;2;3;4;5	1	1	0	1	-1	1	1	1	-1	1	1	1	1	1	1	1	1	1	1	1
17	4	0	1	2	1;2;3;4;5	1	1	1	100	-1	1	1	1	-1	1	1	1	1	1	1	1	1	1	1	1
18	4	0	1	2	1;2;3;4;5	1	1	1	100	-1	1	1	1	-1	1	1	1	1	1	1	1	1	1	1	1
19	4	0	1	2	1;2;3;4;5	1	1	1	100	-1	1	1	1	-1	1	1	1	1	1	1	1	1	1	1	1
20	4	0	1	2	1;2;3;4;5	1	1	1	100	-1	1	1	1	-1	1	1	1	1	1	1	1	1	1	1	1
21	2	0	1	2	1;2;3;4;5	1	1	1	100	-1	1	1	1	-1	1	1	1	1	1	1	1	1	1	1	1